71
60
89
36
42
90
64
35
49
77
1
91
15
92
32
62
60
17
28
57
29
4
95
78
99
61
54
37
7
72
69
53
12
100
21
82
8
98
50
68
27
23
55
77
41
96
1
91
30
28
97
45
37
100
98
71
15
12
92
19
27
58
14
14
26
18
2
70
33
33
63
66
75
96
51
33
31
90
95
99
69
85
59
67
35
53
34
99
45
75
77
43
81
79
92
51
18
70
4
53
92
19
30
74
93
74
60
20
63
36
30
79
45
22
86
56
86
88
100
27
57
51
27
72
70
99
98
91
90
30
68
83
95
1
23
68
91
90
36
36
31
25
54
92
84
76
73
61
50
60
47
67
44
45
19
43
24
72
32
3
56
22
89
92
62
73
95
29
34
14
83
87
83
12
31
57
49
59
3
16
93
98
95
81
11
6
76
82
13
94
28
64
63
21
21
65
32
64
37
47
33
56
69
8
71
66
53
58
61
97
45
77
70
99
59
34
62
84
74
67
4
65
83
30
33
31
55
31
33
86
43
58
2
52
76
13
62
57
22
75
67
39
68
71
48
3
77
100
53
79
69
53
60
53
82
82
24
86
100
33
89
27
70
8
23
50
82
51
78
84
85
11
39
44
80
38
45
36
31
17
82
12
97
88
15
70
59
2
62
41
92
93
11
89
96
62
22
11
26
18
86
98
4
43
10
51
95
64
11
26
48
80
18
79
62
12
43
16
32
46
73
10
22
40
10
27
55
74
6
89
50
63
91
43
23
54
91
87
76
11
86
67
18
68
66
66
41
19
4
10
89
93
32
26
68
71
25
9
39
88
30
65
70
60
23
100
55
57
50
93
69
86
10
31
66
99
88
73
93
28
60
50
32
87
64
88
29
41
42
10
43
57
7
41
74
29
2
95
38
93
76
42
57
24
48
61
78
17
95
28
63
7
64
46
22
30
46
92
47
85
45
25
69
62
57
50
19
24
31
70
84
18
16
47
68
1
15
52
31
49
93
89
47
42
80
6
96
62
28
32
53
22
67
70
35
57
20
35
17
75
13
49
18
30
85
23
96
36
63
8
38
41
30
66
59
13
33
28
85
62
91
53
17
68
96
41
53
52
69
68
31
44
1
45
12
23
90
44
48
56
83
88
5
96
3
22
75
45
19
95
29
13
35
74
80
65
20
47
8
78
77
48
78
76
100
78
10
41
90
61
53
6
11
55
89
93
92
79
8
45
93
56
92
90
75
100
63
28
83
100
92
49
70
27
27
24
61
28
54
51
99
55
37
94
85
43
46
56
20
30
76
82
12
77
14
95
73
52
49
47
5
1
98
98
32
50
68
89
10
46
82
77
45
67
65
3
68
43
28
82
23
72
62
74
52
60
17
12
71
29
3
44
54
15
21
39
54
65
37
93
61
69
44
95
43
72
29
48
38
19
26
24
66
64
19
60
57
59
54
13
33
10
69
31
87
73
39
43
14
6
15
79
52
49
57
44
69
77
81
32
31
18
8
39
12
52
60
50
21
24
35
92
80
98
5
75
30
76
10
30
86
91
23
47
75
94
91
83
81
35
7
3
41
56
70
89
62
64
76
54
16
90
29
67
32
4
91
50
8
11
59
85
56
91
5
74
51
9
30
10
88
52
50
84
48
20
52
24
16
74
61
28
88
57
98
98
43
45
18
70
3
16
58
31
24
64
4
32
85
76
60
66
94
13
52
89
47
42
68
60
83
88
21
22
77
80
15
95
49
11
6
1
27
34
76
85
10
82
48
75
17
8
10
19
68
24
42
57
86
7
41
60
19
13
76
75
72
21
63
88
91
11
46
67
88
47
76
28
57
64
80
80
43
81
57
16
4
55
81
45
16
88
70
28
37
85
9
60
75
60
92
36
73
53
69
52
83
75
9
17
25
53
1
90
30
72
24
88
82
18
8
17
25
47
88
23
43
3
15
27
40
93
33
16
58
56
47
23
79
8
25
95
32
13
26
26
100
29
64
31
23
90
76
79
92
80
33
50
52
48
100
15
15
6
99
31
61
66
84
57
63
2
54
85
25
41
100
97
35
100
93
33
59
28
27
82
87
88
85
37
3
60
12
67
98
86
27
39
69
24
73
7
94
27
37
42
61
75
90
92
13
62
94
76
36
39
78
17
24
70
42
59
23
13
53
97
38
56
67
100
33
49
49
26
39
82
24
97
97
53
72
10
26
13
31
85
16
44
85
86
82
100
13
34
32
44
91
6
28
81
28
45
78
44
93
74
55
23
1
85
