9
83
9
1
10
72
26
1
90
80
6
9
19
65
100
69
51
12
50
61
97
10
65
16
92
2
8
38
69
43
83
72
65
87
8
62
83
69
38
50
66
14
49
33
94
75
43
62
52
58
41
71
14
55
12
17
75
38
48
35
87
91
64
47
21
1
25
51
27
4
60
70
42
31
69
75
92
20
12
85
46
30
63
77
8
40
96
57
61
58
94
24
43
34
23
60
31
33
98
63
87
78
18
4
56
96
11
58
86
48
56
22
67
42
72
71
77
10
100
24
55
50
75
6
58
33
41
90
13
54
42
89
84
46
15
26
49
94
39
78
69
97
7
43
76
22
51
30
67
24
23
40
28
89
66
63
2
67
16
69
26
8
100
73
99
46
82
28
67
81
16
63
74
40
49
9
28
8
27
2
15
62
55
12
16
71
44
25
71
97
32
3
12
11
80
89
98
78
53
36
49
70
62
97
1
56
66
81
95
46
93
63
76
57
91
81
43
23
66
37
79
78
90
73
14
71
6
14
30
60
1
21
69
39
38
72
32
62
20
56
90
27
80
3
38
52
72
20
27
37
90
85
77
77
31
100
37
18
7
73
44
64
88
90
97
68
53
74
44
13
48
74
60
78
34
85
94
83
40
78
94
47
14
57
13
51
43
27
92
32
16
79
2
8
40
98
58
44
14
46
47
48
66
41
82
83
96
66
64
43
96
63
26
14
61
95
43
60
82
43
6
33
21
29
61
15
67
33
21
64
84
81
6
50
81
83
15
87
62
27
21
75
12
78
60
38
55
1
48
72
68
59
2
25
39
52
55
62
68
23
94
65
76
6
57
16
47
43
25
43
29
82
19
77
7
5
22
30
79
1
43
30
3
78
47
51
93
10
75
89
51
76
5
55
63
100
80
1
75
96
61
28
39
35
65
79
55
9
40
25
93
100
9
36
72
32
47
11
83
41
54
14
19
49
100
19
83
92
31
45
7
43
40
33
53
81
91
57
52
100
59
24
54
36
88
69
12
61
76
88
68
55
69
21
9
90
89
51
44
26
29
36
85
15
16
9
98
44
2
89
83
5
36
24
60
14
44
3
71
89
75
67
99
68
44
64
14
99
83
95
48
47
72
76
60
58
42
81
33
11
52
22
70
42
31
78
10
93
20
45
48
29
35
7
38
73
7
62
74
36
90
45
17
82
51
65
86
69
65
50
97
11
61
93
34
15
93
49
94
1
50
95
96
36
3
36
20
12
70
97
95
94
12
86
78
100
96
33
96
82
21
6
42
31
72
9
83
64
88
44
25
69
63
23
94
51
12
56
78
49
93
52
12
88
91
18
57
62
87
56
98
91
70
24
59
15
65
2
3
1
59
14
3
42
8
28
14
91
67
61
28
32
77
70
53
5
73
99
53
39
68
34
77
14
13
33
19
91
85
11
100
25
86
22
84
68
65
88
82
14
34
3
13
79
45
75
60
61
48
34
48
44
60
26
89
5
25
22
93
54
58
30
15
86
39
66
43
8
81
45
10
64
62
1
30
25
77
81
23
58
20
29
24
83
10
4
43
21
15
12
51
3
87
43
52
7
72
40
8
68
88
22
77
30
28
20
82
8
79
48
76
81
79
25
63
53
70
40
78
58
97
97
59
89
38
54
86
17
37
11
68
83
59
40
74
93
35
89
30
64
70
78
68
43
87
38
100
32
21
29
3
84
17
90
32
21
60
41
24
2
41
41
36
2
47
49
23
96
73
40
99
76
36
97
86
99
3
65
90
74
76
30
59
95
46
45
42
85
34
50
21
94
59
56
33
92
67
48
73
58
30
25
62
88
65
47
63
21
76
41
83
57
88
97
96
25
100
80
95
3
43
13
33
6
60
91
71
88
10
31
82
5
89
86
29
8
40
93
34
74
83
3
91
5
49
85
39
13
55
29
92
25
1
88
75
58
89
71
14
4
85
10
12
82
12
5
72
97
54
7
5
9
10
31
34
91
48
11
30
53
46
16
95
76
65
8
57
61
45
86
26
93
41
95
12
13
61
35
49
15
66
21
29
69
91
7
93
59
17
85
78
90
1
2
79
80
72
63
45
45
46
1
76
8
87
3
61
15
95
31
37
100
64
24
26
27
64
73
44
79
82
6
91
58
56
54
27
48
65
72
55
26
60
50
69
23
71
48
47
10
90
53
39
47
29
26
86
11
98
12
16
20
51
50
4
14
9
92
67
45
18
51
34
52
45
65
45
91
70
18
39
88
66
18
68
47
98
72
23
28
