424
29
184
409
81
479
13
287
496
370
236
110
273
379
451
286
396
33
353
291
71
47
310
25
464
392
309
124
326
74
352
228
461
321
494
467
406
125
142
455
83
425
85
350
98
493
308
226
329
232
384
471
5
107
192
430
436
447
295
66
73
186
175
67
343
209
57
94
252
296
416
35
249
235
476
423
415
345
398
9
160
216
278
143
507
475
174
168
266
148
207
474
344
50
318
32
497
141
381
316
254
411
48
230
274
120
263
303
144
164
459
506
7
349
70
241
456
301
205
419
63
177
305
145
445
149
255
237
156
12
462
394
182
229
4
442
505
281
402
136
224
322
332
369
22
113
478
242
195
51
372
284
137
16
10
452
93
342
1
231
279
58
376
466
341
187
122
319
391
481
262
374
446
340
130
183
188
328
191
166
60
427
202
458
101
358
139
115
238
366
264
19
27
246
43
247
65
261
258
44
176
324
158
302
75
34
397
463
300
103
488
214
428
203
117
196
400
477
26
260
173
314
325
172
443
367
323
135
412
371
79
157
102
356
472
150
140
487
388
288
153
378
485
380
290
80
112
490
510
275
253
509
457
454
14
348
128
23
489
382
429
11
486
201
244
417
503
339
439
363
435
360
468
289
222
327
42
18
268
6
304
41
359
17
61
163
414
504
219
299
484
508
240
100
152
283
460
450
38
212
138
30
52
28
395
351
204
190
171
87
470
109
198
82
250
194
91
389
338
119
375
15
78
320
511
131
499
298
502
437
259
387
512
108
377
227
129
64
465
200
2
96
165
248
491
408
393
480
36
276
84
362
77
223
31
292
285
357
99
134
404
312
361
169
92
179
218
206
307
151
133
448
126
90
55
185
337
444
215
346
267
330
440
208
56
306
495
221
220
492
282
68
159
116
313
280
498
469
105
69
449
121
46
233
421
146
62
347
127
418
335
20
453
132
277
473
426
256
399
76
53
405
293
118
432
21
111
364
333
95
354
72
294
311
37
181
355
368
3
217
147
269
331
54
483
197
154
413
199
383
211
385
97
86
373
155
433
403
8
106
170
39
123
441
193
234
257
431
365
336
88
180
420
270
265
401
386
45
271
297
210
89
317
245
114
500
167
178
272
189
24
213
162
482
422
438
410
161
59
334
40
501
390
225
104
251
243
239
315
49
407
434
