3704
102
1434
610
3909
7928
6749
7377
4359
3554
7247
7307
1794
4543
6636
1274
6715
4023
41
3454
7080
5115
5984
5148
7751
3389
7154
6010
456
1068
1528
6888
2649
4638
4295
519
8098
6963
6270
4056
6341
919
3137
1477
4273
153
1689
4461
7993
7836
6229
358
5290
6577
3712
6528
5793
4015
1928
5094
5469
3591
4984
7475
5340
6701
7471
6868
2191
7703
1343
4106
4851
2006
4932
7709
4350
324
238
4231
2282
138
2196
888
7139
1824
5413
6740
7753
5535
1852
6150
7736
4029
2324
7804
5230
6479
496
1142
1493
52
7990
5495
1201
6125
4787
7368
4104
1249
509
609
6760
2045
4060
5163
6538
5181
7424
342
5962
4856
6271
6917
1792
7806
3560
7432
1069
6822
3789
752
3597
5417
7633
6639
1652
5440
1721
4222
6119
5611
7313
7587
6567
5161
3214
4578
5078
4911
4845
4399
508
7273
7538
4893
6530
3139
847
8053
1672
630
2350
7345
6366
4595
1908
186
966
1800
3959
2555
5369
3261
1140
1367
199
136
3805
1916
6216
3443
2652
4412
4720
394
1745
6889
5696
7230
1241
6624
8118
6574
7554
3120
4753
5029
2977
1607
3923
3547
70
1706
4520
5414
1625
2193
706
8161
5976
5316
978
3251
6039
5974
4072
3482
6467
3874
542
6376
3480
7540
7314
5016
3416
6980
7653
355
4519
2309
4840
6716
6158
7384
5863
3093
1123
8163
4587
6391
109
2017
1591
6335
6152
3413
1026
2422
5728
4640
2050
6775
3092
5715
6025
4989
5724
6993
4504
1744
6735
4558
7974
7191
4752
2993
4378
916
4807
6706
1011
4181
446
3470
1293
1760
4657
5912
3809
5833
1355
8147
8010
2630
3318
3651
306
389
6600
6172
7063
7622
4043
1867
6550
383
6782
7718
2856
4186
6703
3570
789
4924
7495
5565
4210
2740
7354
7463
5278
1998
866
7280
6908
6356
7882
1439
2945
7188
615
7326
6465
2485
6941
6187
3708
6833
6503
4379
837
3097
1192
5333
6523
4597
6319
7925
3832
6350
3072
296
416
3347
5458
2731
3331
5794
693
6380
224
6791
6882
7098
499
6108
8099
6034
3620
5213
4505
450
648
7541
30
6468
1271
4457
1855
1277
221
2813
7282
3323
6287
5873
5949
634
131
5166
6141
3705
997
956
2110
3079
7216
3744
3594
4570
6500
904
1490
2851
2612
112
6237
1974
263
3243
1555
2832
7609
7843
307
2205
782
3235
2802
5894
1540
2615
5202
7165
4682
479
4462
3743
4428
4158
7186
4865
5895
6419
2057
4901
7405
6698
2751
2597
3024
4126
4566
5096
408
7865
4080
5432
379
5390
2201
8159
7799
390
4362
6302
2481
3255
5550
3489
2713
5300
6910
6659
5371
350
1133
1814
217
2175
7002
993
3205
7532
84
6129
2019
8130
6290
5812
6643
7344
716
4533
4852
7069
2735
3435
1889
4534
1913
4791
8083
7053
4751
2888
463
440
5376
3399
2222
20
202
4643
5815
4202
3796
1368
6584
3950
3315
4844
6871
6264
2449
7636
5485
5160
4818
2294
3303
2614
2585
1521
2989
316
8182
5578
5348
787
3751
7803
6535
7111
5801
1254
4152
1724
5394
7908
7285
1004
2962
6091
2527
532
6614
3475
4740
5917
5447
8133
7164
2284
2871
6901
5629
4987
5335
1508
4721
2098
5480
3037
3314
5518
6241
5209
406
2174
7998
1457
1661
58
1149
7317
7507
6386
3045
4199
7935
669
4089
4010
3192
6539
4143
3977
6369
7032
1618
5857
3430
262
796
1005
2477
1272
6537
1880
3771
5120
1487
4918
2447
6718
6054
1552
755
5592
821
5893
7992
2629
5483
708
2460
2454
6475
453
4538
2750
4041
3371
775
2157
4358
1688
7435
3999
7468
6836
3008
282
2796
362
2360
4208
1262
3165
64
1072
1257
7950
320
3135
1218
2349
2919
2302
2377
3891
3589
1256
531
680
396
1252
2297
6657
4739
7888
7850
2080
6590
7525
319
5896
1557
1571
5140
3427
6919
1121
1828
5400
8175
1623
2125
4827
6041
4256
1694
3218
992
742
3169
809
8078
8052
3326
63
5918
4284
4290
5559
4701
2572
7739
4746
8095
3187
1313
117
5252
7800
1676
7218
5736
4338
86
7066
5656
681
7125
667
3823
2868
7578
7945
1164
2386
7202
2748
2588
1930
6593
3477
261
4480
2127
7688
733
3804
5919
2897
714
2790
5241
4779
160
2656
7919
1316
917
1238
4580
7148
2478
4606
692
6011
1242
5388
1718
6057
6599
77
5594
7281
7978
4632
7869
3689
6630
961
2187
7003
6675
7591
3538
2739
6783
4489
2584
6586
7040
7443
8146
5852
1035
6582
4722
4038
5677
3722
2944
8027
7953
3077
6342
2423
6215
7959
974
7026
851
1669
1636
7336
2318
4993
6254
4713
1411
3786
5593
6945
4349
8020
3016
1060
4981
147
7425
1994
1910
3924
4561
7550
67
3112
682
2847
3042
8060
7318
923
3792
5127
7027
4159
5641
6626
6880
1386
920
2725
3441
4662
2880
5151
2298
1587
4539
5444
3828
5713
7994
3034
2931
1243
3760
5781
1520
6476
4134
280
1546
4951
3136
6470
7473
5616
3488
196
3668
1214
4475
7795
99
2835
7547
579
7299
7606
7295
1915
4754
152
7342
4385
4267
4863
1569
1659
2576
3452
1447
6651
7215
1878
1134
4665
3617
1580
3113
3779
6516
2040
5702
7401
3528
4591
6393
3168
108
3440
5274
6163
3513
4313
7486
816
4871
258
5088
5982
6199
5853
1511
3349
1696
4289
2823
7283
2073
3346
5090
1615
4859
4834
8075
7071
2262
4150
4518
1649
3857
2267
98
6909
8119
5198
864
6170
2038
4171
881
877
5384
8107
7735
2536
557
2937
656
2948
3518
3276
6165
6037
3732
584
5404
7250
4413
6148
6247
7500
6339
6650
3887
3515
4916
3103
1664
2266
333
6869
7702
7824
2184
1040
5033
1469
4058
5956
3411
5282
4630
1629
2002
4867
498
6552
3849
677
4607
4599
3263
6221
8160
2659
2429
2978
7569
6971
2966
5320
3074
430
3555
1543
1108
6244
400
7288
7437
1141
3153
1651
5108
7934
2142
7788
3188
7497
3854
5925
5303
1990
6288
2105
7583
4486
2511
6154
1674
635
1031
2689
1282
1685
2333
4304
1428
42
6211
4294
6381
7141
7348
2699
5054
3497
1482
2563
2146
6334
3956
1052
792
6770
4300
5481
3562
921
593
1166
4441
4196
6965
4604
3945
2026
952
2401
6360
1029
3057
4250
4919
5813
6029
743
4548
3448
1130
82
7544
5955
5636
6328
2628
4204
7683
7674
2509
6828
24
3457
4974
1675
209
2776
448
2499
1848
1680
3674
2608
4315
5943
1893
7830
2194
7537
2830
4565
1467
1360
4099
4625
7119
6649
1205
1790
3833
4631
2325
6019
8035
402
2310
3646
3069
6988
7611
3226
3962
1090
7046
2715
4564
6907
1602
4061
7579
7257
4668
2964
5683
6182
2312
7787
4835
5625
6934
5517
4095
6439
984
3206
7833
691
7658
3713
2846
2414
3701
5397
377
2797
4669
2770
1758
1895
2694
2510
7264
4603
7323
7627
2300
2571
3195
1640
3271
7985
1452
7760
6438
4215
2482
1137
970
1711
4523
3784
7909
3851
3711
1999
2653
1136
896
2258
2697
1424
1765
1280
5642
6751
3876
1785
378
3237
1464
3328
6090
3964
6248
7552
3084
3695
5627
3320
6918
1507
337
1153
5264
4026
4975
5787
4506
5563
2315
1728
2336
2063
7411
1098
1599
3810
2732
3812
6810
2120
4140
3381
2233
2004
8059
905
3539
7568
2755
1627
1173
388
1612
6258
6540
5318
5065
2005
4096
5446
7079
3754
6426
7697
5470
5501
5767
6353
1565
5763
325
5283
7577
4592
6674
2838
3124
7761
126
3228
327
900
1538
6399
3899
1850
189
1749
3820
4700
7642
5709
2899
2650
2665
424
3469
1303
1104
7654
7460
447
4680
3979
3965
5273
1526
6220
4279
6378
3013
4732
3066
2372
6447
6860
4741
4117
8143
3134
5977
1641
957
1207
1409
2580
6663
6455
8092
2410
876
1925
6959
5430
4796
2122
4062
1717
1780
603
4884
815
7170
5672
3125
4872
1319
1771
4371
527
4966
3174
7263
4554
1302
1766
536
1032
3296
1345
7482
4908
763
2544
4933
1417
264
7692
2185
5360
7892
2475
2861
1693
5489
6761
5551
6767
4857
5244
4494
939
7852
3442
436
2441
4940
6801
6406
3242
8080
2842
1903
1620
6642
5337
8084
1909
2109
4387
8154
7838
7581
7811
2271
2573
3170
5426
6186
1080
4262
6227
2775
176
4258
8110
7145
3387
1125
740
1278
1788
2250
7655
3878
1100
3623
2011
7138
4154
3844
4135
3861
5799
7747
6016
2412
925
1787
485
3930
8056
7562
277
999
5332
1107
4238
7366
6825
1097
1025
3988
660
2927
4498
5399
6145
6870
7821
4346
6286
5528
36
5041
882
1875
249
7300
6230
7469
5580
7632
2795
7731
4188
4101
4141
2600
3278
7772
6873
4405
4384
6826
4327
3287
1647
7727
806
1230
6664
537
1352
7047
142
6927
7790
4628
720
3450
1630
1832
6435
6622
1653
800
3598
2540
3533
3509
5266
6896
1460
3506
3373
6502
5175
1491
5748
2908
3374
5321
744
1831
3745
3877
2843
113
2129
4177
1172
2085
1892
5323
5916
2549
2806
5070
6578
4223
945
7968
7153
6746
6209
6192
7269
7522
2807
6224
1784
4243
7634
3725
3000
2800
2793
6245
3556
7825
452
2178
5757
5883
1510
4685
2508
3699
6957
5544
1716
1451
2574
4540
5471
3761
7212
1478
5416
7334
3337
7361
3121
1046
2351
6358
3986
2335
5037
4442
814
6430
5591
1957
6517
5486
7687
6401
6466
6340
7144
7839
4343
1545
5526
4365
646
7239
2879
3938
6084
8158
1626
3860
7831
1306
3816
4328
7363
93
1229
5643
6858
1044
4175
5008
7929
3499
7289
4990
3511
5478
6392
7818
2595
3902
4557
7511
6851
1391
7378
4886
6176
1876
7557
2345
2115
3715
8025
4769
2347
2415
6069
4167
310
4009
6076
71
3807
3593
2986
169
5668
3281
5651
155
6109
2882
3102
3194
3825
7551
6571
4500
7548
4542
6610
1342
8174
2448
6995
5040
5587
6779
6559
2438
1764
5534
4170
301
5991
6223
7813
5451
1208
2034
6613
5620
5389
5462
351
4980
7952
586
2354
4775
643
8042
5051
640
6607
1774
5877
1797
6243
1844
5223
2524
3858
506
6395
1953
1578
5514
2979
2166
2932
6695
7102
3577
2670
1989
7233
3029
46
1958
156
3272
7244
1232
6932
528
1812
5249
481
5217
1579
5247
7941
2403
2159
435
6579
8076
741
4049
317
3766
7163
1590
6169
7672
2442
4960
6384
6669
516
2097
5336
4905
132
6691
879
1904
5168
6307
2204
1111
4998
5995
1227
2181
6374
2245
6696
7097
3783
1442
4922
4366
2762
1757
4449
7422
480
88
34
606
2106
6923
4900
6556
3330
23
4363
671
2339
1943
1150
576
1921
6033
5516
7973
4790
1783
5783
849
5703
6926
421
6118
2682
3747
5700
5467
6930
5419
1575
1556
7113
2135
5064
2935
6194
3253
4646
8134
2000
7360
5509
1529
7303
8167
1929
3802
2329
6156
1506
2718
5546
7521
3047
1037
7913
300
6480
1965
6596
59
3493
423
985
4456
6337
2621
2210
7234
6131
1099
7101
853
7339
6295
6501
781
4598
1247
399
981
4344
2982
825
5867
4549
164
2981
3600
1366
510
6970
4923
2369
3423
7604
5306
1179
3476
7114
1053
7259
774
807
4609
5085
2994
835
3882
3215
2452
4770
7722
3982
5103
7921
5392
7
2837
1443
3316
7095
2208
7922
322
1539
7995
1199
4216
494
4648
4105
1219
3885
6428
2745
5265
1390
1152
5133
5134
2346
4483
2947
4305
27
6142
2275
2631
2604
2814
7485
6333
4965
3163
1823
5147
846
1038
5939
5690
2889
2480
7770
3989
7576
3903
2078
1410
7171
5631
7584
1289
3932
674
2834
4432
3307
842
7664
6409
4515
1414
4811
6940
4448
5662
3998
7779
943
3304
3609
6448
5170
5538
6518
3610
5080
5219
3333
7270
5810
7911
2914
4424
2683
7060
2397
6002
875
2207
5156
1019
3325
1127
2991
2901
7301
3838
392
4995
3145
4536
2926
3987
4882
2768
1198
4130
6997
4276
7726
3919
3091
3465
1779
3487
1283
5644
599
3012
6841
7488
6206
1604
1228
4028
7207
6741
5725
3351
4672
3459
7619
6403
4717
7206
6946
6404
7631
1407
8028
1655
647
4245
2220
6121
5015
7176
7276
5271
7167
251
7013
4382
7862
5621
6423
594
6198
7745
535
4800
7137
8141
4907
4508
3672
2781
5685
3439
4817
6100
3682
4269
7566
1874
5124
6450
5030
1062
6363
3378
7396
2287
1450
1793
7371
2443
4332
2015
4207
6415
4737
5608
3127
1699
434
4251
4529
661
7756
1036
5142
3290
4512
5582
7518
6045
83
3842
3845
3006
1375
1065
6203
4345
5609
5680
2172
4059
596
4973
6210
998
3219
7650
8001
2364
4414
1646
4283
5100
6313
273
4521
2489
3955
718
1856
348
4092
7470
6315
6262
5277
4018
2862
5118
465
1267
700
115
7388
3258
880
1809
6678
6183
3826
4667
7049
2102
4482
5809
1732
2721
1606
1012
3151
2150
1347
3144
2907
6214
5832
6310
7031
4319
7890
1719
2094
5123
5902
7265
207
7750
6633
8169
6081
1837
290
7793
6332
7162
502
2746
2151
7724
6055
7758
433
7248
3933
1488
7593
3216
3835
690
141
844
2219
177
5017
686
25
222
3101
3445
2872
4723
6850
5232
3652
7412
5465
4012
3224
6070
5038
6815
7856
4103
562
1446
6321
5779
4153
2547
3613
7135
772
5730
2867
4944
5661
3264
1686
7875
4163
3694
3461
5948
1404
1246
6440
4474
4484
7157
605
8
8192
3044
3928
644
1638
6680
3772
1650
5250
7835
1869
1086
7676
3607
6638
3197
6912
73
6676
3417
2785
3957
1588
2020
6355
3676
3147
7059
1500
1113
3886
7001
2272
4355
4904
1323
7796
2767
1394
7712
5676
4639
7039
1448
6325
7429
3392
4157
4947
6357
5155
1734
5422
7695
3905
5960
2158
730
1952
3116
5021
3019
3991
5214
4910
7625
4271
5933
3410
1927
1081
4958
5243
6656
4147
4976
10
1720
6103
326
1645
3268
3847
4324
1117
7108
5245
6911
1559
2140
8016
3311
5035
1405
6285
1550
604
6544
990
4288
7492
7478
3367
5665
3985
5772
3053
1981
2376
7970
6992
2666
873
3185
5704
6068
7240
2534
2281
5226
5678
2705
2180
4761
5865
6320
6893
245
2912
5729
4655
4920
3191
3737
7068
4793
5950
4183
410
5508
4306
3719
994
3118
7120
4535
2865
2224
2780
2753
347
4360
3586
1426
7395
7977
3312
2855
194
5646
1501
3519
6166
1912
3438
7416
3336
2956
1971
5548
6213
4347
8036
3171
1056
6446
6274
3288
794
2906
2313
2828
2955
673
3274
3819
7682
2317
467
715
2101
8085
728
51
5890
6986
1213
2877
885
6032
6987
852
2331
962
3505
5640
5827
2388
5272
1318
7808
1919
4197
5707
2858
4397
7489
530
6631
475
5733
5116
8051
1260
7383
6865
931
5293
1870
1872
233
2316
6491
1841
1330
7679
2189
4782
7177
7329
2602
2498
4559
7809
6167
5350
5785
357
1094
4102
2701
3003
2995
3496
2488
6688
7005
7742
2024
2308
7399
1991
2934
5746
2766
3621
5308
1854
7874
1826
7243
1463
3293
1042
7225
4715
308
8057
2824
6606
2734
6794
4915
7971
637
8089
7573
3086
4155
4410
2176
3405
2542
6798
1436
2601
7275
8140
3852
5204
6564
6743
6207
3186
1525
7637
1362
7086
2529
1109
1215
7594
4318
779
1139
4069
6009
5352
6281
6895
5572
3535
3724
6414
3176
7085
7508
4
4317
4826
521
5434
5906
2405
6874
1960
4109
7746
8012
188
7589
2953
318
5246
6542
7686
1881
934
7104
4892
397
7947
5864
2387
3630
315
1300
1022
3994
1315
5364
2845
2362
4913
3039
3260
3494
5105
1170
4773
7534
4972
2399
4608
3128
1973
7000
6789
487
353
4935
1126
5862
7340
5583
5870
4582
6390
1116
5482
1408
2505
2241
2326
6127
1331
5964
6382
3252
1079
1299
5200
1013
441
836
5699
3888
2883
3530
7502
5233
7673
2561
2673
1157
5569
1265
1808
7070
6171
6899
6168
4351
5576
4979
3692
7846
278
454
5190
2720
4257
4798
7414
4556
5201
386
3419
3671
1735
4326
4487
3279
841
2082
5953
3817
5701
3880
3969
7024
7174
7954
7058
3444
7351
1085
1185
1000
3801
3697
3611
8172
793
859
2983
4114
3204
161
4727
1802
1995
7109
2356
7192
4788
2909
3025
1383
3730
7615
6473
5839
5817
7258
6261
5904
8123
4772
6529
960
6914
7016
3791
2647
6397
7245
5909
4416
2954
6478
5463
4268
213
5032
19
2261
7253
7100
260
3893
3031
2900
8021
1196
5450
1666
6561
3925
8097
5820
2402
5296
6747
7454
5461
4391
3961
5723
7961
6864
5071
1746
747
6105
5770
2382
7572
2863
1444
302
7527
4308
6096
6723
3837
5776
1095
4176
1748
5288
4699
6730
1980
8152
7529
3089
6903
5248
3578
6709
7710
6336
5882
5942
3759
2305
2810
3561
1993
8173
2427
7689
672
2975
1378
5645
5046
368
2949
7403
2139
3818
1365
6953
3777
5802
4492
719
7509
1147
5044
559
7535
6985
6324
679
445
4404
1492
5280
5650
242
5811
3655
1180
1503
2394
2711
3638
5732
174
6933
7078
810
7094
8188
226
4636
4463
3707
7665
5139
2119
822
5761
5555
4014
3409
5856
1432
7741
4758
2758
703
6951
3083
753
3906
1890
5253
3217
6887
4112
4679
6110
698
2803
572
830
2153
2218
5406
4299
1851
6722
2164
4507
6461
2623
2657
3503
5002
907
5521
5708
4127
2651
5454
6660
3004
1416
7894
2075
3111
5186
3920
2195
3040
4589
2569
6526
3520
3402
4120
827
1054
5744
3344
5573
7949
1057
6373
8082
732
495
5549
766
2786
5174
2390
5684
5180
1169
5056
3921
4098
3067
1593
2027
1964
4398
232
6420
705
6843
1725
2152
7087
3575
1610
5409
2765
2998
1987
5141
3406
1106
7021
5595
8117
6592
7893
208
3797
1412
3721
7122
4053
7957
6013
458
1059
6644
7161
431
2469
371
8038
8018
2099
4124
2111
5072
7910
928
4838
1162
2809
2428
1105
4611
444
1581
6508
7592
5473
4590
197
5194
6687
1480
6263
1233
5842
3907
6464
4620
8029
4165
2283
541
4660
5113
4278
3087
8100
6021
5944
7076
4194
5726
6260
2646
3179
9
5778
1297
3723
6983
4964
2473
3685
4828
5423
5821
5986
4870
5068
1393
3117
4478
4585
871
2383
7434
6030
989
2819
1773
2303
1259
2743
6790
3657
7197
158
361
4718
7719
1003
552
3009
4621
4661
1298
7213
7701
6253
1902
6452
2504
2373
2875
6361
297
2343
253
7773
7231
7038
2777
1382
2730
2014
119
2566
7462
3626
2620
1074
4434
3426
1406
4381
6960
6143
6777
1445
7640
6576
5311
2087
7073
7337
6298
2778
4819
5520
4064
5762
3062
7706
5987
493
2794
3974
6710
1189
3872
5590
4221
3647
2840
1613
6233
4002
4766
6276
6437
2671
2163
7738
7822
2583
4810
225
7410
3688
6052
2773
6292
1471
6195
7598
7685
8102
933
5851
6000
3714
7624
5129
8101
2972
3526
2820
8030
3782
7214
1184
5091
4698
6835
3822
1357
5228
6719
4409
7149
5092
754
7951
5373
2558
4881
1833
38
8066
6359
2035
7878
4797
5159
1050
193
7428
6056
3813
3717
6924
7296
6485
6160
3428
3808
4065
666
6717
5355
4429
7115
129
7444
4364
5552
3306
332
3677
2375
6591
8120
5396
7879
668
2582
5305
2821
1817
5740
8105
6088
3752
7358
6677
2217
2237
2890
66
3767
6621
4891
820
5154
2041
2171
8121
6944
4880
3203
259
5980
2999
2338
2530
1562
7626
1877
5325
4261
6095
4887
2974
2952
6433
3746
1119
3517
3840
855
628
6832
3580
1326
5294
449
6316
1918
3021
2357
6445
149
3726
3213
2270
3063
6728
3355
8005
5109
5286
3806
1202
5319
4824
8178
1402
2849
4374
3492
1572
95
4203
1276
393
4864
1455
8165
5077
6159
1795
1092
48
3931
1309
3553
2064
6797
5457
3209
6073
3055
6329
2968
1145
2625
4499
5731
5418
6601
4596
81
4242
5648
3941
2799
257
5924
1558
7886
4664
2126
1595
7431
2706
3483
544
7124
7419
3603
6803
2472
6905
7669
4081
3073
3348
1292
2741
8126
5753
1384
2061
7252
2398
4708
6969
7781
6778
7305
5285
3787
5743
5012
7483
2033
140
4291
5402
565
4873
955
2976
4447
5452
1504
5043
4219
2599
6733
250
7168
116
6498
2278
5187
1193
1361
6072
2226
7987
5312
6300
5760
2276
3152
5442
8113
890
4113
7333
5191
227
6977
1891
2418
4206
3683
7868
6050
252
6308
372
4812
6707
2083
5658
5347
7610
7940
4885
285
5539
2341
3313
62
4373
2678
1624
204
2915
3383
6894
2076
1039
1654
5911
7172
2186
7768
330
55
3010
1294
7942
3588
1376
6758
811
6304
3262
5425
5020
97
2249
4688
3584
568
6327
6974
4577
5255
470
4861
6164
731
7546
1288
6776
1601
3618
7765
7677
4490
5522
7903
5825
2616
7309
3080
6303
7322
3308
4795
4437
5819
659
4971
4728
4320
6806
7613
4401
1505
5777
6845
3602
8039
768
6200
7379
7716
5836
5747
2173
8181
636
2538
7369
360
5965
1338
3267
5121
1372
4755
2688
7370
7932
1997
3432
5849
3525
750
2378
338
87
6587
2389
2074
1502
3917
6289
6955
7011
1244
2970
5405
3774
561
2132
2334
5649
4697
828
7771
7195
501
1737
1970
3972
3100
5996
676
4522
834
5179
7907
1589
5525
7132
5885
291
4730
6566
578
932
1234
664
1048
240
8049
3076
7630
4035
5818
2992
4899
6990
1896
2355
1433
4464
4168
5981
2359
3164
7025
3756
6628
8096
5932
7662
1418
488
1175
1325
2487
3085
6519
7711
2560
40
478
8062
2643
7757
7022
2874
8109
7956
3183
321
2391
5838
5816
17
940
3240
4032
2829
5567
7180
1729
2672
5001
4573
632
5663
3665
191
5547
5978
950
1631
4045
8115
4389
4744
5193
4354
5009
5112
266
5315
4496
6942
2894
2379
3345
1422
7112
5229
5173
2963
4263
7663
181
336
4784
5711
6773
4217
4033
405
5383
2988
4670
1567
540
5946
3270
4678
6665
1564
276
4957
5607
3221
7335
2107
5923
2562
8129
1885
3254
7205
7657
1514
7827
7417
4575
5624
7209
6732
4046
7823
5850
7246
5834
228
786
2476
5343
90
7914
15
7844
7480
1537
6609
3107
1955
4675
2761
3574
663
5019
7198
2607
1803
151
6481
1397
369
254
4704
2742
6697
6197
1096
5143
5345
7897
2240
5203
1369
892
1942
2681
7699
1684
3755
1430
7784
2593
5295
7965
6196
7210
6453
1143
6920
8013
2444
130
4833
294
4471
6662
4001
1767
3922
574
1518
4146
2188
6177
3866
4307
8183
5448
3700
364
2502
1561
3181
1660
6489
5302
5344
5513
6589
935
2904
4024
6603
2990
3245
3248
3587
3353
5192
7734
490
802
4903
2885
7880
6738
2567
5184
5880
5507
1158
929
4671
376
6099
4255
2013
2021
6823
1236
6496
4395
8072
1021
2528
2822
759
7979
211
1937
4967
6562
5952
7841
3629
6053
7217
8122
6441
5630
6830
1756
3581
4734
4877
2439
2522
839
7373
5653
3479
341
2605
777
6647
6147
983
6967
2893
5013
4729
526
2293
5660
331
515
3758
3639
3300
248
3223
7867
3884
6459
7418
5177
6848
6046
7851
2724
4249
912
1120
2032
91
2380
5771
5322
3158
2059
4044
2486
384
1820
385
8003
6558
7864
5584
954
4552
4418
7452
5638
1801
3892
1212
513
3976
5330
7055
1535
4137
1239
4178
4855
1374
4724
1075
2235
8103
2791
7728
7564
7037
1190
381
8033
4352
5185
6122
7639
1667
1956
3466
7559
5688
4862
2723
4876
2479
5031
5598
4321
3897
127
3914
4860
1940
3583
1006
3415
4610
3757
223
590
6891
3709
3184
887
7400
6490
3404
2168
7661
4466
5095
5261
2251
4937
7044
281
1905
3954
2546
5795
1532
683
3385
968
5393
414
6512
5
1435
7184
8026
8137
6075
6694
2123
7490
2772
3543
462
2973
2483
5067
4537
1350
7356
3422
694
7146
909
1475
4733
4408
3675
751
200
5935
1403
4076
144
7261
3662
1291
5687
3474
1946
3408
7762
2273
1527
3396
2263
3978
5317
4214
3508
5828
4310
2853
5900
3800
5492
7187
670
3814
2081
2232
1237
3140
4511
7902
299
4393
3850
3616
5860
7052
6608
6712
6837
5536
2117
2526
6364
3601
856
7229
6144
3740
4070
180
7916
2470
4868
2371
2677
1531
5006
3094
3425
5543
5061
4356
2058
4030
3865
3531
758
7812
5963
6948
583
2922
8077
3322
4446
7917
2269
1010
2352
6640
3958
639
2556
4285
7691
5682
1635
7045
7464
2039
4822
8064
5822
6185
6553
1553
6956
7404
7487
3478
5505
2234
7196
49
5236
2594
5339
468
2037
3273
3143
2252
4407
6862
1380
6123
6844
2902
2466
491
2722
6477
6005
6204
6116
6935
6999
4673
5494
500
4248
4707
1853
2090
3131
1577
6306
1112
3104
4829
74
474
4051
6637
3166
2435
4115
1907
179
2103
7905
6309
6569
7254
7223
2491
4649
7449
910
4421
1761
735
2911
3372
6317
6619
688
2898
78
5586
944
946
4941
7601
1281
6497
4006
7293
2247
7915
1128
5024
4050
4650
4756
37
2434
54
3431
5157
1161
2167
2617
6017
4644
7438
7183
1743
1349
12
1829
7067
4420
6831
4831
5106
3934
5234
5137
612
6996
2971
4394
2060
148
592
861
1305
5869
5994
3753
2238
6755
2108
6240
2361
5398
3395
2291
4078
1608
7723
702
6008
3913
7866
1858
4943
6474
7523
6598
2200
6973
5967
5218
1966
6330
3529
6155
2798
2162
6952
6515
1752
7972
4716
1263
1333
1931
6175
1122
2092
4659
1513
3846
195
701
5989
7737
7997
1871
5484
3728
5758
4747
2737
8015
4691
6950
3649
7397
4156
2640
7175
788
6766
2029
2784
5610
4337
5431
5792
6280
6449
404
6138
899
1628
3869
619
1839
687
216
6352
5058
3643
1346
4211
2344
3762
2709
7717
5334
3793
6231
2816
5356
44
4615
6881
4953
4550
7142
2407
4568
2936
678
4417
1332
1211
3407
5429
7331
105
3546
826
4687
5014
7802
4803
7983
218
2668
3557
7512
3698
2910
942
4623
580
7278
4287
1897
1662
3220
1524
4241
429
1798
5936
1596
206
4992
1483
7872
645
4633
2924
5428
2622
7899
7372
5647
1041
717
4830
5887
2925
7181
6872
6762
3157
7093
198
3548
1266
4226
4629
7494
2763
3075
1144
6572
6126
1015
5929
3081
903
7178
482
3673
3947
6580
5983
2079
4645
5101
6082
729
4658
3175
2579
571
3370
473
4075
3154
2950
7393
1861
7297
239
5999
2003
918
3340
7863
3388
4999
5298
2320
1431
7421
1945
3189
1840
5260
1805
2104
8179
7964
3691
4750
6531
2626
6323
1317
4353
5378
7386
1073
3208
2570
6036
4312
1600
2997
4240
1329
6181
5045
5379
4057
1886
7693
428
1425
2055
329
6788
7407
4465
205
575
7219
2042
5307
6299
6786
1739
4569
2363
6757
1344
517
5176
2503
1235
1203
6711
6080
1437
4517
4777
26
5145
246
1356
2066
340
2494
5808
2637
7042
6375
1030
3339
4445
272
4396
7733
4774
2342
6058
6753
366
6305
4025
5585
2980
4067
5652
6273
1822
1648
3799
2457
344
5788
1888
8058
712
5750
1799
391
5386
1619
5666
2197
6226
539
45
5059
7675
4983
591
354
1609
1290
6611
76
2433
6282
2708
5207
7160
2658
3095
3142
4997
4293
6246
3291
7408
3735
5477
107
1171
6861
818
6456
6623
7944
1392
685
5993
7476
7061
2965
1731
7620
795
2920
4388
7558
8177
7774
2603
1815
2891
2493
4042
268
3727
2839
3949
1598
4895
2065
7638
7783
3975
4020
5574
122
6949
2774
1195
3491
3038
675
2533
8149
4334
6549
6812
5279
61
2253
2231
7621
4488
231
6813
1002
1702
7415
7481
2887
7759
279
2400
7286
8135
4476
3684
6294
7242
2279
4950
4503
7499
5961
8111
5449
5460
3182
4738
2296
2870
6731
1762
4509
6884
1668
4063
1322
5130
162
2453
3507
7033
1163
1496
6092
6505
1740
4710
858
4666
1191
6117
346
4768
4131
6256
1614
8037
4192
7877
2854
5093
7805
1811
2895
3011
3233
3632
5938
4469
7474
3257
6217
7999
5780
212
3532
4458
7455
3377
1670
4676
3299
7479
6111
633
2859
2826
5898
3834
6931
2808
6385
2728
7310
2144
356
3579
4988
1584
5796
2788
1727
3542
4472
3733
5172
4778
1708
1398
2093
3463
1055
6818
4297
2254
1168
1286
6527
3058
5050
1967
1816
5366
1269
3946
403
7704
6026
6188
7923
4433
7713
4553
5529
2008
5654
3599
1159
5256
2353
7501
4370
3360
959
4277
3524
3133
5670
602
7199
2550
6242
7194
1804
7920
5074
7291
4411
4991
2165
704
607
1533
2257
7136
2071
1285
5164
2942
3280
1114
2265
6344
3768
3098
4039
3368
7088
6065
7580
5840
4647
7986
1387
5117
1643
6269
5973
5739
5705
7390
1279
1250
2358
3944
655
7062
4357
4946
4970
991
6877
589
6249
31
5975
187
5395
7539
5797
6629
2610
1899
13
7906
5149
1089
5523
2959
3397
8074
4562
4601
2987
2321
5114
171
3873
4794
3259
1982
5007
4468
4452
7531
5407
3035
1210
4333
2747
7226
6343
3162
3433
4239
4232
1459
2307
5545
6004
289
4386
2917
425
2749
6785
7457
7448
1690
6411
4323
464
380
5848
6071
695
7019
1225
1200
4004
641
4815
243
3739
6291
3627
4541
5410
311
7740
3202
7671
2246
1742
4497
2744
4161
7767
7891
8024
5284
3501
7814
8071
1327
3354
459
6916
4132
3596
139
5357
1047
7131
948
3229
3927
6984
4423
2811
7794
5910
5714
2007
6976
7832
4123
6060
2490
5385
4198
1476
4931
3653
6484
4111
6557
1592
3803
2848
4584
1586
4066
1077
4841
7484
5872
3564
804
2010
5475
4118
3926
8112
5553
5835
6560
6968
4110
4275
8031
5026
8014
2639
1474
8081
1882
3283
1866
3635
6958
201
7374
6388
6379
8045
4205
4622
7277
6618
3681
6720
1033
4477
4040
5947
4100
3731
7513
2067
5102
8065
4068
175
2525
5927
4579
7179
4302
8007
906
2818
7387
4936
2760
2030
3225
5784
2161
4767
4052
157
891
546
938
3514
5829
2618
823
3420
6616
5098
6510
7542
375
3773
7520
2054
3212
4322
5692
3502
3863
7090
3132
7133
1723
7730
6763
1639
7359
5107
5635
7009
3462
3302
5689
5716
2754
6421
7007
4034
343
6748
6904
1842
6545
4546
5089
2259
5464
727
4077
7930
801
241
3576
6954
976
4189
3798
7881
5359
5511
6724
6049
7708
1959
6654
6451
1894
3200
7008
4694
3495
7958
2667
2192
5878
3359
8124
2916
5604
5805
4776
6602
6179
7898
2812
5183
3765
7200
2001
7065
7496
5415
5367
2471
2395
7982
2519
5055
5342
5391
182
4961
4164
5775
503
2112
5438
1456
3301
3298
7328
860
3940
2416
125
953
5326
1585
1673
1671
6472
2831
1341
1494
4088
8041
4942
617
1691
748
304
7430
5158
3317
6856
2903
7222
3156
1920
6074
6802
812
7302
5752
4097
6588
7603
4677
2396
1560
4136
558
3992
1497
2053
1573
6349
2675
234
6892
3238
4501
2043
4218
2696
6507
2417
3056
3160
7605
5871
8136
79
7298
1082
6524
7560
398
3937
7801
3993
5720
1616
5000
6885
5421
146
4849
7967
5881
4642
1818
4914
8086
7332
745
8023
3537
6859
7574
1359
7436
312
2149
1481
271
7700
1146
5901
783
287
5959
6506
8139
2719
5566
7126
7319
7981
4545
6314
1726
492
2455
3794
2116
3736
5258
7729
3687
6367
3230
7828
7617
3319
5018
8125
5042
1176
8166
6462
7208
2996
6563
4336
8093
3001
2463
621
5222
6239
6436
3552
1698
3656
2474
7129
2025
5387
6161
4282
7873
7597
1206
5751
3324
1901
7924
7652
2031
1704
1663
5365
8067
4195
2121
3566
4516
7409
7267
4898
1001
832
4361
3275
7376
7089
1449
4600
3628
2700
840
6804
765
1986
1863
6277
7028
7020
472
6521
5453
724
7346
5679
5490
3358
6275
2148
2825
2726
4187
4948
1830
5735
4201
6551
1954
2124
3390
778
1701
7503
1321
6819
5455
5804
4963
4129
520
6534
1922
4247
2921
7092
4714
4544
2295
5292
5152
7316
547
3458
4252
5695
505
7467
5568
6259
5297
451
2844
184
4705
5227
6857
1709
623
2644
4962
3831
5824
4148
75
7860
3855
5353
4528
817
2311
7392
6546
5135
3027
2370
2642
7789
878
1988
2077
1240
2028
1427
4229
5479
6407
7130
1129
1768
3750
6829
4094
1027
1519
5622
4259
4335
6937
6876
7256
3619
2069
3241
7235
3054
100
4524
5866
6427
2704
7312
3471
6444
4928
5275
696
1775
3827
1713
4917
2669
7870
791
6362
8040
5138
2012
4693
6808
8044
4149
7840
7588
5412
7266
3776
4909
833
4450
2782
2596
4074
4116
6418
697
4415
3942
8168
756
5022
1992
5083
3734
6615
4878
72
4982
7375
3342
6739
1976
2565
2239
5010
734
5073
6661
1549
8156
6525
1949
6048
3123
6346
1495
2190
3504
5533
922
4314
313
6398
6400
6554
1381
4626
3269
3424
3522
7427
2456
6736
1695
927
3294
8132
5847
420
6079
2288
145
5954
5488
1101
5897
5737
3022
6809
7895
1547
6536
6348
4342
5697
4731
975
1834
6268
3738
7203
3790
2330
2143
2923
4978
7684
862
8185
3679
8034
7766
3282
7988
4690
460
5599
6939
5411
4627
3995
3971
3449
3669
7780
3678
7826
3485
6693
2306
5503
7029
4453
7103
512
4316
6604
2876
3716
930
2213
6189
1118
3369
585
5532
7668
5855
1253
4825
7018
5798
2183
6020
1884
4814
1611
5985
1268
2852
4514
3898
5888
135
4054
1810
5382
813
1536
5487
1835
4085
5314
797
7962
2198
7519
1534
7725
5874
6174
6429
4495
3936
2436
7321
6132
3464
4799
3437
3310
4022
1741
4138
600
6322
7854
2056
3650
7754
6412
4927
5600
555
7491
7608
8048
3742
7439
2787
2289
749
6137
3365
5048
2857
5589
483
6112
5617
6442
2961
1087
8006
3148
4617
2520
1194
5721
6981
1138
4711
2756
7644
7599
8145
5941
275
570
897
1634
7904
269
2641
5694
566
56
2322
8094
3534
6255
1429
4921
6962
6838
6454
1024
5237
1777
7050
2199
2255
2264
7628
455
7271
2684
5790
4820
7991
1454
3879
3400
2091
2771
3141
6805
936
2421
328
3500
4235
963
6568
4438
4301
1441
3451
215
2274
6982
3540
1548
3048
5381
5491
7147
461
359
3706
4702
4436
5281
5540
7616
6028
5131
598
3429
5531
868
3703
7575
1415
6853
5287
1617
4854
726
3190
7648
7274
3935
3608
4274
642
4959
4663
6846
7402
4372
6265
8004
3811
7510
6671
3394
7105
7082
5408
1523
3544
1813
5063
2517
7151
7279
4634
845
7571
4837
7118
6228
314
6413
4934
5712
2606
4133
7777
7943
6087
5171
5445
2133
7549
4383
5581
4938
3363
1154
551
3667
2154
7696
1051
884
5060
7748
6847
7238
3871
6620
6331
5613
7251
6218
1132
4745
7556
7472
1751
7284
7646
457
6816
3875
323
548
57
2170
7034
4019
2592
1320
4244
6702
2693
3990
3680
4311
4237
4000
7190
8131
6966
1996
6737
6371
124
5005
1705
4618
5579
4016
6854
7776
2009
1710
662
7287
6136
622
518
4292
477
220
2886
8116
3046
8171
2609
2496
761
2506
6745
7357
7778
5433
1248
6425
2933
2752
624
4883
7614
819
2432
5169
587
7458
3180
5667
4419
5556
2632
8106
3968
3244
4889
7849
5614
3943
305
85
2930
3883
4572
7096
582
1498
1582
838
4926
5742
776
2764
1231
5144
3960
2717
6301
3078
244
4574
7349
6098
7647
7524
5047
7506
8090
5182
439
5639
6532
4771
486
3769
7077
595
7159
3775
889
2516
5188
6655
5122
6681
1594
3836
3382
6886
5110
1078
3585
298
5472
738
2545
3545
5823
1458
3434
5262
2368
471
4563
2815
5493
4719
2177
6682
4021
947
4567
2229
7466
2969
2698
6162
2100
1385
5632
3569
7782
214
597
6093
3953
427
650
29
6251
2206
5560
1681
1759
1642
3967
3305
1334
5291
4426
1566
529
3159
538
3122
6283
6625
3815
418
7294
2314
1644
525
7290
5966
267
3912
556
6107
7185
2685
7201
2532
4560
1197
2939
3900
7526
7901
6504
7465
6201
265
6383
3341
167
2543
7749
4160
2047
4527
2733
345
1183
3510
3658
412
924
1324
3356
2137
3033
1222
7450
1934
6023
1782
3041
3660
4654
4836
1413
5512
7182
5053
7645
4594
6585
563
8009
707
2707
7769
5768
2319
2292
6293
5504
2941
2850
8180
4808
1110
4925
3467
764
1473
111
2301
4017
6708
3138
1007
3049
4850
6752
2070
4460
1969
442
5674
466
3983
2089
5299
1530
7743
6040
1337
798
4792
3178
5324
3633
3612
1512
3595
2552
3486
8087
7054
4977
7976
3963
560
2515
4139
1821
4696
6597
2048
6102
5028
1224
7398
8170
6796
2332
5718
4145
2541
7514
6581
504
6627
6742
6089
1769
2088
8153
1857
5907
3277
6514
4444
7847
7570
4781
2044
4280
2299
5310
6402
569
2212
2729
5515
1865
3870
413
7887
5972
3473
4635
4502
5577
1542
1509
6583
6509
5435
6488
4455
7946
2691
522
4985
334
5506
4612
3615
8127
4227
6394
7015
3227
854
6345
295
3536
172
110
5530
7140
4786
6734
2662
1789
4641
3890
5199
4605
6705
5727
4491
7602
1295
5541
4866
1401
4108
6548
7785
4952
5132
6094
1836
7816
967
4422
982
3109
4083
5011
6641
2661
2738
1102
4086
4084
443
657
1682
773
1186
6396
6759
203
6774
4613
6015
627
2141
5496
1472
39
4264
3939
6236
6821
5338
972
1633
3490
3002
5951
4209
401
5606
6128
7834
577
7889
4624
7555
1076
7338
8151
6975
5527
6014
1245
2277
1220
6690
7232
106
1485
1014
6721
1420
5628
2243
3285
80
6991
6938
5879
8070
2130
1605
573
2679
1226
6772
4329
2138
3384
432
3028
1541
3222
4090
5510
7406
1354
1678
8054
3352
4286
3249
620
3236
489
5215
7189
4011
7442
6130
7389
6799
2833
5968
4842
7155
8176
3763
5971
6372
4185
5596
283
7036
5099
1924
1217
286
50
4380
7817
4813
5358
1576
5889
2169
2892
3970
5957
553
6
6824
2827
3256
4785
3173
7365
5039
784
625
5087
4008
6513
554
2645
2817
1733
7975
7306
5756
7876
5362
1008
7678
4583
3401
3973
2619
5958
5859
6866
7536
4683
1763
2052
4586
5341
6238
1020
438
484
7528
190
2095
6106
5892
2420
2518
7355
4619
6921
235
1340
3625
7810
2228
2512
5913
2769
3654
1900
915
1568
7720
3149
5331
3119
7043
543
4121
1103
1677
1911
965
8046
4162
4783
2492
6101
168
4681
2648
6235
1018
6784
6133
5633
4969
4692
969
7262
3060
941
4430
7128
3234
7553
6878
7912
2062
1070
1335
1583
6250
7680
5437
2424
4451
507
2018
6347
6134
6902
6807
5313
6097
437
3549
7453
4651
1373
7884
4191
5082
6408
4653
1148
4234
7861
1063
6867
2943
1935
5807
1470
2664
2633
4142
6296
2507
2523
7091
2613
4246
4224
7241
382
7324
2430
3335
4013
5764
3247
4037
8157
2928
7900
725
737
7035
6086
2946
7543
7963
4340
6827
2680
409
47
2385
4686
4821
1093
4007
2611
4736
2869
4303
870
5259
7933
8073
2495
2209
7752
3565
5162
6482
5034
3881
1849
5789
6617
2016
6570
3484
4182
2554
1791
3052
7156
895
8079
4047
7420
6565
2881
4897
5375
7586
2223
6727
5206
7193
3468
6252
6001
6140
1754
4272
1926
3026
5561
3366
5097
5671
5843
1023
6764
6646
7561
118
7320
4225
274
7545
3199
1738
3642
2714
6434
2136
5891
1657
5081
1181
8000
7014
2958
292
92
2702
7563
2328
7255
7117
7670
1846
8162
545
4986
2531
5456
4485
803
5497
8191
2514
4689
6673
8017
4823
4459
1251
5459
2462
2712
7885
6257
4725
5926
8108
6035
2459
3864
2365
7249
1753
5225
6964
2710
2960
7641
2134
894
2559
5205
7116
7382
8011
3295
5899
6666
7764
2203
6191
4440
2236
7936
6913
1715
1827
6051
4003
523
104
1622
4968
5003
5468
6765
7960
5542
7056
7926
2367
4874
5791
6683
511
7786
7980
5915
2446
5079
1515
629
1160
1377
5908
2674
6612
5500
2225
7106
7807
6704
3014
7166
6085
6520
1177
1016
4637
6115
2568
4726
7064
8189
5844
178
3414
3948
5349
3051
6943
1188
564
1843
426
4172
14
7896
651
11
7030
2500
689
3172
3114
7565
134
5238
1847
3567
3605
1221
4945
6278
6922
4906
2179
417
5831
5111
4402
3908
1838
3088
4780
4193
3749
1043
1517
2586
4809
7272
608
658
6795
1947
4762
5254
4281
5216
6351
2905
7858
3821
8128
6173
780
5782
1204
1484
6279
6153
2938
3064
43
770
1307
1932
133
2591
256
35
2655
614
977
8138
5076
8150
2654
5845
94
1314
7220
7690
3196
1984
3071
3250
5075
4735
5125
6667
5741
4510
4425
1187
7792
951
6067
736
6370
626
3516
5719
7127
2985
5681
831
2215
3859
4839
1632
4954
5195
4236
6190
2260
5025
3702
3286
2216
1151
2465
1700
3559
1440
4144
2984
1825
7017
4406
7755
6038
5914
713
5427
665
4896
3568
5626
1522
3005
3455
5263
3393
1486
6487
3386
8032
4266
7853
5537
6018
2337
4377
843
8019
1399
2913
7083
5597
4119
5167
6234
2381
101
1750
6925
3856
514
4949
5329
1687
3720
255
7848
1712
6883
6064
3297
549
3105
1950
6713
4079
850
7600
3108
4616
60
7477
210
7237
1034
1453
7099
7938
309
4530
415
3910
973
1977
5854
2539
3523
1339
3693
3110
4706
7152
7515
7651
1621
2783
5104
4213
799
3590
7656
6875
1941
4879
7134
3781
2548
4071
6219
363
1873
829
6998
1683
6725
1978
1058
2929
2467
1944
739
4532
3896
6852
6463
652
790
1979
4270
6083
709
6469
6855
5208
154
5354
6338
3239
2792
4902
5868
7857
6284
6820
4254
1438
6365
805
4848
601
762
7459
7698
395
3929
7380
3418
7268
6061
4331
5361
2304
3664
4031
3329
767
2096
89
4173
6726
5424
5084
7169
7516
7791
4547
5814
6961
7859
1061
4265
3951
3981
6184
7585
1135
5706
4602
3361
4200
6208
4743
7084
7051
616
2445
4169
6006
5769
1388
3637
2413
4296
6994
4581
7582
7447
1819
192
2663
1736
3690
1067
4709
5619
3592
4479
2660
2716
6422
723
1465
567
3904
335
5905
1883
6431
6135
2155
3640
4703
6387
2451
1296
6849
68
533
2366
926
284
7330
28
1371
7211
5557
5027
6139
422
3718
1396
1131
2023
4055
7150
137
4846
1637
4832
5304
7590
2578
407
6668
6354
5623
2557
3952
6267
1933
6104
1156
7667
3210
6044
5979
3729
2461
848
6699
1563
4555
2873
1423
236
5439
2951
5841
5634
5969
1796
2676
6417
4742
2860
2406
6652
1770
3984
2145
1551
588
2736
534
5755
722
1370
7505
6897
6003
883
6811
230
3375
1574
4912
2244
4656
5669
6389
913
5554
1860
1124
5570
5231
5309
5276
1389
1656
2590
1879
3338
524
7705
3456
1261
971
2896
7445
699
1697
8142
5562
2128
1395
2757
4473
3129
2553
7533
6012
5992
229
21
8186
2286
958
7441
5119
3582
96
3099
7763
5602
3059
1258
6842
1859
6059
1400
4806
8144
4789
6839
5499
857
1776
3830
5377
7721
237
7221
4036
7315
3
3379
1862
2501
7948
6754
746
5934
7607
3788
1083
373
3065
5036
3571
1045
5327
5612
631
6605
5189
3334
1868
4695
5605
7595
3853
3177
6979
7072
7819
5786
987
2836
6114
3644
3498
1806
7057
1786
3265
6157
143
3916
2703
2692
3997
497
6368
7966
7006
5861
3350
5930
7918
6756
6879
5937
5921
4847
7423
5564
7204
6460
4179
4230
2957
1730
1216
5270
5774
2046
7292
8063
1209
5945
7939
5436
5502
1972
898
2687
4894
2160
5886
5062
6814
4260
8091
808
4588
7635
7530
6311
2521
6692
8190
2202
1028
5826
1468
6486
6024
824
7820
2638
2156
7347
5351
5558
476
5380
3155
2537
5519
4843
6781
550
6471
5328
6792
2256
6575
6900
3889
6555
1421
769
2393
166
3710
16
4996
2636
6541
4128
5301
6377
2598
4712
4330
8184
5858
2118
2327
8055
1516
5920
3624
7391
7498
3645
2727
3867
6632
4684
7426
2779
874
7955
3472
869
2409
1311
7413
785
7666
7075
8164
7883
5374
4652
4073
5766
6750
5940
3634
387
6653
8008
5210
6318
867
1781
4027
4614
8114
5443
5240
908
653
5403
2
6634
6729
8155
5197
3778
7121
4470
4392
6793
5603
3090
7228
7311
5212
5837
1379
1049
2022
865
5476
7440
964
5765
2230
4551
4093
7829
374
7364
6494
3231
6648
1864
128
3558
349
3780
5588
7304
6780
618
6635
3541
3447
4228
3068
2695
2484
5466
5637
5615
6684
4174
2686
4439
872
4890
8002
4526
7446
5126
721
5524
1755
4454
2051
2211
2497
2627
6929
5269
3915
4757
6547
3966
4955
3150
6817
4048
6007
2425
2411
6768
1084
7123
5749
6906
4309
760
5773
7074
165
6077
4801
4400
2068
3659
2841
7143
2789
469
5800
6066
1968
2221
5211
1255
6972
5474
649
159
3362
6744
2804
611
7504
4325
5086
65
2464
6573
7107
1938
1665
3980
757
5575
5717
4804
6594
1570
7367
7623
4525
2431
6124
980
6212
4427
2450
1714
3115
6272
3641
5922
5368
339
1284
6771
2564
7927
6405
1155
6062
581
6022
7694
5220
6840
3512
1914
3036
2589
4082
7732
7173
5153
1479
3130
5363
3996
5165
7041
7343
4759
2384
7350
1088
6151
1544
7353
6787
886
6458
3785
6063
7596
7798
7081
5997
170
2864
7744
2458
4764
1009
6424
4571
4760
2086
1066
1722
6178
4805
5675
4212
33
3748
6410
2214
5970
2437
4166
1963
4493
3741
3332
2268
7048
2967
5251
7837
6043
6120
3551
8043
2084
2918
3862
3563
3398
1906
303
7461
7352
911
3207
6492
53
8069
150
3020
6863
6031
411
5686
1312
3604
5289
3201
2634
6769
3015
7308
2690
6443
4531
3550
3023
5875
5441
1961
914
4091
1466
5931
6078
114
5710
6027
6522
1951
2805
4749
1275
2577
3636
1
5722
3018
3614
1658
1174
3050
6193
4233
1923
7937
2131
3841
3391
5988
863
7110
1308
32
1351
6149
6297
8148
5498
5420
3663
6047
6936
6205
6700
6432
8022
2513
2426
3343
3292
1887
5745
3764
5691
6493
293
5268
6898
7012
1692
6416
7659
5657
3380
123
1948
2248
6225
7871
3648
3061
5196
5224
3246
5136
2468
4858
5618
4816
3412
5069
6222
4929
22
7023
710
5673
5571
5267
6543
4994
5698
1328
3161
979
5846
3446
7931
4576
1273
7649
4253
3895
2551
1679
3843
4107
771
1364
6511
5372
3918
7451
7362
4956
5803
1747
4184
7260
6685
3436
4763
1223
1264
1703
5370
7707
1778
1165
1091
6947
6457
5830
5990
5146
3421
1115
7855
7643
4368
6670
4467
1898
4348
8068
7010
183
8104
5734
2348
4748
6483
7660
2049
3082
4869
7984
4122
2147
6202
1064
5023
3824
4875
8047
247
2340
3211
5346
5052
2940
5738
4125
3686
2759
6672
5601
6266
5128
4853
2635
4180
3007
7815
2323
6146
3106
5693
3481
367
5884
5928
902
6499
2440
6915
288
7493
6533
6595
3198
5235
2624
3030
7394
1499
3284
1270
8050
2392
4765
1348
2036
1939
3453
3327
2581
3606
121
6232
3357
7681
5049
185
4341
5659
3460
2182
352
3848
7996
7714
6928
4367
4443
3309
2587
1936
3527
5401
4481
3017
3193
2535
2113
5759
5655
5004
3070
3770
7433
1707
6978
1310
419
3894
8187
937
2419
5664
4802
2114
7989
613
4390
1071
3289
7341
2404
6800
1489
1462
3146
3622
711
5221
988
7715
1772
3266
4435
7227
3364
6326
986
2408
370
4431
7456
5754
5806
270
120
1178
4339
6312
4151
5257
4930
5242
1983
1304
2878
3043
5239
7004
1554
8088
1461
7385
996
2280
3232
4674
1167
3376
7629
3032
3321
2801
901
4939
6495
7158
3868
69
7381
173
3573
7618
1182
7842
3839
4005
1301
7327
1985
1917
1962
5998
1358
4220
6890
6834
3666
365
7845
5066
5057
6689
893
4513
18
2374
638
3126
1017
684
3096
1975
3670
2285
949
4298
2866
2575
4888
1807
2884
7612
7224
2290
6042
3661
7325
3795
2242
4375
7567
3631
3911
3696
1845
7797
6658
3521
7236
5150
5876
3901
3572
1597
7775
995
4593
2072
4403
1287
6679
3167
6714
7517
1363
1419
1603
7969
6686
3403
5903
3829
6989
4376
1353
163
5178
4369
6113
8061
4190
219
1336
6180
103
6645
654
4087
2227
